#  Simuino scenario file
# start_digital_pins
#   0  1  2  3  4  5  6  7  8  9 10 11 12 13
#-------------------------------------------
0   1  0  1  0  0  0  0  0  0  0  0  0  0  0
100 0  1  0  0  0  0  0  0  0  0  0  0  0  0
200 1  0  1  0  0  0  0  0  0  0  0  0  0  0
300 1  1  0  0  0  0  0  0  0  0  0  0  0  0
# end_digital_pins
# start_analog_pins
#     0   1   2   3   4   5
#--------------------------
0    37   0   0   0   0   0 
100  56   0   0   0   0   0 
200   0   0   0   0   0   0 
300 123   0   0   0   0   0 
# end_analog pins
# start_interrupts
#  0 1
#-----
16 1 0
19 0 0
25 1 0
30 1 1
40 0 1
55 1 1
# end_interrupts
